1   5
2  -1
3   1
4   7
5  -1
6  -1
7   8
8   4
9   9
10   1
11   4
12   1
13   9
14   3
15   9
16   7
17   2
18   7
19   1
20  -1
21   8
22   2
23   1
24   8
25   7
26   7
27   3
28  -1
29   3
30   9
31  -1
32   2
33  -1
34   5
35   6
36   6
37   9
38  -1
39   1
40  -1
41   3
42   5
43   1
44  -1
45   3
46   8
47   4
48   9
49   7
50   3
51   3
52  -1
53  -1
54   7
55   5
56   9
57   9
58   3
59   5
60   4
61   7
62   8
63   6
64   6
65   7
66   2
67   9
68   2
69   9
70   2
71   9
72   8
73   8
74  -1
75   7
76   7
77  -1
78   5
79  -1
80   5
81   3
82  -1
83   5
84   9
85  -1
86   1
87   9
88   2
89  -1
90  -1
91   9
92   6
93   1
94   4
95   8
96  -1
97   2
98  -1
99   4
100  -1
101   6
102  -1
103   9
104   3
105   3
106   3
107   9
108   7
109  -1
110   1
111   5
112   9
113   9
114  -1
115   5
116  -1
117   4
118  -1
119   5
120   9
121   2
122  -1
123  -1
124  -1
125  -1
126   1
127  -1
128   1
129   1
130  -1
131  -1
132  -1
133   5
134  -1
135   4
136   2
137  -1
138   3
139   8
140   5
141  -1
142   3
143   8
144   2
145   8
146   6
147   9
148   6
149   3
150   6
151   6
152  -1
153   8
154   6
155   9
156   6
157   8
158  -1
159  -1
160   7
161   6
162   9
163   8
164   7
165   3
166   8
167   8
168   2
169   1
170   6
171  -1
172   1
173   3
174  -1
175   3
176  -1
177   9
178   6
179   3
180   8
181   6
182   2
183   3
184   4
185   5
186   7
187   4
188   6
189   5
190   5
191   4
192   3
193  -1
194   5
195   9
196   6
197  -1
198   7
199  -1
200   6
201  -1
202   4
203   1
204   7
205   2
206   6
207   8
208   2
209   8
210   7
211   8
212   1
213   9
214   5
215  -1
216  -1
217   5
218  -1
219   2
220   1
221   9
222   3
223   7
224   7
225  -1
226   4
227  -1
228   6
229   1
230  -1
231   6
232   3
233   6
